ret = 0.3209497355529482
mtx = [[916.24889951   0.         497.84327213]
 [  0.         922.65670397 379.56619904]
 [  0.           0.           1.        ]]
dist = [[ 0.01170143 -0.12395385 -0.0010959   0.00227831  0.4839504 ]]
rvecs = (array([[-0.69499535],
       [ 0.10479025],
       [-0.09258791]]), array([[-0.52834376],
       [-0.08887612],
       [-0.62758089]]), array([[-0.07662729],
       [ 0.2891591 ],
       [ 2.0293819 ]]), array([[ 0.03743163],
       [-0.30795763],
       [-2.2805416 ]]), array([[ 0.06867269],
       [-0.46039659],
       [-2.93738711]]), array([[0.02203119],
       [0.09902248],
       [2.37860784]]), array([[-0.31916989],
       [-0.2473918 ],
       [-1.39844355]]), array([[-0.04928398],
       [-0.58232936],
       [-2.51363425]]), array([[-0.68702588],
       [-0.16833129],
       [-0.07106119]]), array([[-0.15806345],
       [ 0.40322526],
       [ 2.25077004]]), array([[-0.05089342],
       [-0.16939876],
       [-1.12683322]]), array([[-0.0767346 ],
       [-0.2302798 ],
       [-1.65858773]]), array([[-0.74366259],
       [-0.15905815],
       [-0.07515922]]), array([[-0.00955734],
       [-0.5083463 ],
       [-2.54985725]]), array([[ 0.03055555],
       [-0.46988212],
       [-2.74550615]]), array([[-0.63491773],
       [-0.05457662],
       [ 0.56385222]]), array([[ 0.00669259],
       [-0.11328854],
       [-1.59516852]]), array([[-0.03574357],
       [-0.28907179],
       [-2.63374632]]), array([[-0.12031805],
       [-0.24813258],
       [-0.3443774 ]]), array([[-0.08534869],
       [-0.12751993],
       [-0.75570893]]), array([[ 0.02043172],
       [-0.20834069],
       [-1.61687622]]), array([[-0.51146442],
       [ 0.10311208],
       [ 1.26493861]]), array([[-0.15398   ],
       [ 0.27595218],
       [ 2.38861931]]), array([[-0.10207981],
       [-0.23534087],
       [-1.68916066]]), array([[-0.05916329],
       [-0.23431903],
       [-1.7591339 ]]), array([[-0.74117284],
       [-0.17495253],
       [-0.11749065]]), array([[ 0.25926903],
       [-0.52588205],
       [-3.06822736]]), array([[ 0.04084396],
       [-0.54323574],
       [-2.7485905 ]]), array([[-0.05108427],
       [ 0.44050143],
       [ 2.83749039]]), array([[-0.71574379],
       [-0.30439733],
       [-0.61853323]]))
tvecs = (array([[-4.12178925],
       [-0.2415108 ],
       [18.14421492]]), array([[-3.01488773e+00],
       [ 9.59338162e-03],
       [ 1.54714658e+01]]), array([[ 4.36185017],
       [-5.16088447],
       [24.26645721]]), array([[-0.06299902],
       [ 5.86196247],
       [20.42792054]]), array([[ 3.56821247],
       [ 4.88877863],
       [20.30681248]]), array([[ 7.42083963],
       [-2.9144051 ],
       [17.90037918]]), array([[-4.30439551],
       [ 2.54693079],
       [14.81685097]]), array([[-0.35514432],
       [ 3.3536635 ],
       [13.0113947 ]]), array([[-4.5694772 ],
       [-3.38737055],
       [21.13937417]]), array([[ 3.58633889],
       [-2.31459262],
       [22.31064112]]), array([[-8.23855538],
       [ 2.00790208],
       [29.03872381]]), array([[-6.52898329],
       [ 5.36077116],
       [28.59648871]]), array([[-3.88292257],
       [-1.82114886],
       [21.91116653]]), array([[ 1.3175836 ],
       [ 3.71794288],
       [22.14198652]]), array([[ 2.58079318],
       [ 1.8583116 ],
       [21.20494367]]), array([[-4.52540705],
       [-5.26692344],
       [21.65664794]]), array([[-4.55397675],
       [ 3.00959657],
       [23.25493057]]), array([[-0.2455586 ],
       [ 1.83978315],
       [15.83053932]]), array([[-11.22654812],
       [ -4.1128431 ],
       [ 28.53050528]]), array([[-8.32690152],
       [-0.6820993 ],
       [28.86586875]]), array([[-3.91431022],
       [ 4.96753674],
       [20.19788988]]), array([[-0.30525259],
       [-5.20382243],
       [21.08831875]]), array([[ 3.95555243],
       [-1.44838464],
       [22.2081055 ]]), array([[-4.71816428],
       [ 6.24812542],
       [24.91706481]]), array([[-4.9119867 ],
       [ 4.70166214],
       [28.18602389]]), array([[-4.87683202],
       [-1.53473701],
       [21.31645511]]), array([[ 0.31508405],
       [ 0.69560647],
       [25.92200558]]), array([[ 2.54208145],
       [ 3.22222027],
       [24.39246231]]), array([[ 5.24161224],
       [-0.97088168],
       [20.78791491]]), array([[-8.17927635],
       [-0.31317281],
       [19.84564888]]))